28789
47245
70987
32132
51111
22757
58745
70165
18391
20523
5662
20410
78190
76438
40294
74729
53907
48527
41912
82781
21796
84525
79379
66540
52232
40671
21995
68225
1468
25060
29987
37660
8862
35395
23827
49034
44597
17144
83342
15953
84756
62186
68294
19650
78294
53359
72840
1643
38996
41989
79800
26920
67405
68444
6201
26321
68517
44677
21059
21423
79750
39692
38395
62370
6005
77421
59165
15132
4506
75834
34410
1313
56375
64049
39437
48946
5461
34211
72057
75923
82787
4315
8859
39371
37252
78829
24916
36154
4988
79633
77046
40110
88380
47872
56679
75190
60627
10128
15401
11252
15390
9502
74542
44946
82877
85713
85373
84753
83407
23393
26857
44019
47042
8197
68818
63354
1356
14570
2860
33455
79006
86507
63268
17779
44081
52255
56368
58514
38077
36405
86341
36779
76228
26528
78497
22057
14563
56589
69139
71589
13284
32301
2407
20484
45231
29853
7298
47034
72177
39325
52995
74761
87828
34354
52468
81917
87769
2589
78381
75293
66203
6625
20378
61641
51866
9021
7172
22239
45979
37714
71053
56348
28829
79705
3474
19405
36710
38809
85977
77119
8607
15015
14282
87743
10135
37033
72741
61330
62313
5038
28329
69394
21597
56180
25988
64979
85094
43402
79016
50239
43821
33622
46123
72582
30794
48824
46855
13914
46203
67673
20311
29602
58824
82549
42662
9414
27334
40948
70718
70407
65330
22167
57891
38854
68458
26901
1279
59145
36891
74364
36434
64599
8802
72118
10996
42961
30797
11649
61004
77639
35993
30816
17710
35484
89219
9135
23861
45367
34499
24506
54467
1661
58563
76374
53308
79326
38497
10938
1867
25287
87546
46427
89164
11331
87030
51987
10401
35124
56451
9851
26490
12874
37926
54741
86
41182
4409
50304
84448
83513
55314
18271
21128
29400
628
78937
36048
57051
32306
35075
49362
14640
6039
62604
76135
38254
47109
30645
57391
54625
23017
57623
78847
82131
82642
20407
46966
55582
88905
55759
74308
63648
2933
26057
38195
48108
47160
47593
75803
72708
34172
75929
26523
13809
51466
49085
26947
12394
6621
23567
81348
58701
67781
209
52978
48815
82812
47452
37210
6844
86787
75526
38980
71984
10520
73908
85171
41754
56617
38994
16883
51181
24519
81664
5867
5014
11496
16612
44741
88925
75458
5168
89209
51164
7306
88487
14041
13196
692
37458
55639
6049
63818
42964
10922
6260
85791
12018
37327
69374
81349
87766
62236
61062
54106
71855
13896
53467
14838
71005
55043
78508
42002
58938
66180
15473
11369
87832
44627
85567
10368
27325
16393
74124
83477
37394
55670
18109
9399
66294
13757
36985
18591
36606
79668
16500
73745
23943
10113
27208
6215
68504
28507
10621
38793
838
61013
65795
14
526
25053
13348
76257
8768
29742
51228
77917
35602
14468
36311
19630
6405
34437
75059
77735
77303
54381
63797
28878
22156
4913
52722
4060
52718
6963
4904
32875
42233
875
26965
67650
67779
63074
12260
53236
44736
12870
56531
19093
40549
5481
26763
13580
66019
31172
26095
88153
4804
87800
20409
65128
42432
56651
78619
19695
73591
68081
58083
75170
57982
73427
51410
6990
68699
87630
2871
11604
80913
43991
12804
86454
14559
21961
63154
13396
49859
55630
24113
87467
13455
44407
59975
75297
56324
33002
63969
52177
46388
38697
49100
78981
54804
52356
40167
33799
13366
17064
67560
52567
9006
29559
17683
38680
66735
3880
69436
64208
89479
84853
81971
85305
40412
39936
15552
7524
39874
65600
70460
13826
73022
49255
81190
68072
40306
34423
30460
20859
85291
59944
13129
85310
70805
30750
37352
49114
654
86630
83476
69792
30144
46676
71784
32663
71701
27256
14330
70550
10779
44054
432
15941
84660
8493
23127
12616
41346
27173
40578
13931
87581
79502
16823
50374
31222
57575
37774
86142
45510
72493
60796
78953
50388
8787
21501
45650
75073
56783
33603
25238
9185
61156
35896
38108
642
82602
58579
57464
58126
80553
6494
57911
57053
76950
64834
61576
1156
19509
56522
37995
13713
18519
36957
43431
8311
33371
7061
75078
65730
24464
60801
2719
3721
24282
31118
73701
42664
67614
73810
14829
53288
57312
9441
62533
52296
58651
7960
53448
83569
82721
26954
80845
68121
47106
42657
74768
46555
16878
18005
22227
12305
54878
23317
45228
75463
41862
62258
36732
3247
60015
69776
48731
79430
47708
27104
49267
57457
40444
72002
3891
6985
16578
65144
41956
74430
53883
12882
63747
77187
58945
66598
31389
21887
71139
51769
5327
16041
18877
80713
62358
58017
71833
70992
81553
37008
49584
14894
39893
7698
36350
31412
48659
24012
65864
79764
79422
67655
26
22624
57215
41199
38546
64854
18256
56420
38293
18201
5829
591
30721
86134
8427
82806
21048
19945
32681
12088
50332
71331
48611
87915
67369
44711
4283
36621
32786
68812
15512
82504
86841
43834
15963
6694
80113
72101
25144
63036
74284
7572
55349
89286
68374
28885
43166
62847
74139
37673
11327
35613
71959
73585
4759
12708
36664
80804
25480
9510
33894
15720
51968
32237
150
62859
49398
88354
77847
31097
59791
23146
69781
38941
61054
70060
23375
61339
78711
72736
77803
50609
89030
18283
25121
47555
68686
48927
33398
75602
49359
63147
87431
86951
56120
10968
11386
5551
72526
9793
41651
52135
59782
86309
11967
43508
22783
60775
83766
71861
61001
68255
85110
3691
62050
28315
45691
25986
70715
11580
53879
67270
43844
5352
20865
68605
70388
73326
83503
54078
67361
49540
76071
73793
55721
68633
44416
82449
34881
46396
13726
19383
72536
64252
20341
9094
54722
8484
75746
18952
68996
68850
48917
79110
76777
57937
28404
8707
41320
63241
31152
19636
69096
454
85248
59515
4149
24520
73342
13595
84245
33772
29882
34786
67759
55287
24339
58448
8477
79666
5112
5002
42118
72940
16093
32377
75678
45798
85752
87563
58270
73425
70931
44548
41170
49594
58040
87127
87557
13060
82749
68238
71414
59718
31643
44654
15983
62890
33778
45446
39465
51153
6565
8784
7376
14338
83492
11640
54836
69282
59581
61070
70176
22046
19101
74027
14781
44942
75941
17629
59325
60243
35187
57448
49007
54584
73454
15934
65295
81914
80106
14168
11233
59497
69386
41036
80957
22262
75417
77553
17649
36172
83426
70193
52032
57961
41729
89302
65558
11854
17966
42000
30786
27223
19197
84249
32430
31021
449
16574
41025
40993
46575
3414
75252
9162
11799
63322
3921
76524
28879
35965
51936
41392
22991
13102
66389
83885
20084
24820
70385
64465
23119
25051
32189
64512
33083
37068
14065
10791
1946
41258
17870
89109
87044
46254
34215
52771
82291
10929
73852
44749
76610
72844
38896
9590
28931
87587
21525
22495
18551
59251
39768
58084
89306
19808
16825
46501
69097
27814
44991
32742
51709
47274
73229
79318
20192
74511
24267
88150
72428
35734
3196
36331
20103
19290
24062
52169
81611
59729
26300
73518
66695
69153
37096
72653
14237
18958
54807
62089
76802
24829
77537
29561
35140
51422
84885
79352
80002
86020
60625
77613
42585
59383
7792
38719
39187
73762
63827
55112
35016
12746
47743
40449
29160
20176
3613
23857
38760
78575
86457
11805
19973
39553
56337
32536
85299
36438
15598
46163
46780
57456
73381
51047
34528
23137
24683
23511
69365
35070
5863
9086
88610
33219
51569
12016
67732
66187
56392
10354
11717
86133
70261
74840
30938
21958
55750
36390
65547
31225
64936
71535
48188
69542
64162
83757
27666
27339
60957
80648
64562
15119
49611
27419
26714
49536
82248
86470
29384
8750
33231
50815
83194
32671
81849
9157
27645
406
38275
61942
2736
62238
36041
3053
14015
1242
35401
80627
88117
89180
80180
40232
47990
54574
176
81533
30748
5696
65888
15774
51776
40954
89233
72344
71848
53620
45870
55948
86264
6187
3203
11485
58400
7004
6120
68106
30610
13799
74564
83338
80977
28473
66000
24453
16260
59416
3209
71377
19721
78290
49822
46297
77790
10553
85192
71007
57625
51458
3135
13547
75390
51090
51577
27016
26425
87294
16633
62499
73863
86028
87972
69004
11694
7186
89050
17781
11153
28132
45962
38608
42485
24391
72511
45531
80765
49139
54254
15778
12500
70590
5966
89488
46049
60755
3347
12115
18297
15138
10847
67198
62954
60739
44540
75668
44075
59034
42218
11810
75843
30542
20694
20363
4152
25753
15307
73931
13720
41963
671
50919
55392
28276
18139
12336
27240
21836
47353
44087
40011
68386
82773
43661
83653
14991
6347
70974
8867
32740
14056
44461
52716
29323
50651
3018
27621
58369
28283
46534
40393
53405
84458
51599
45490
31072
7787
669
23682
13195
70673
77987
63861
53948
2784
52768
1252
1783
4961
86983
65338
56140
13526
81294
33375
64737
48058
80115
33486
77716
49548
51246
56553
53701
32753
6026
61501
69631
57304
13490
8021
34052
77159
84244
27913
84677
22835
52155
22756
39076
72820
55402
3843
19299
33156
21959
41819
54027
15382
38326
75892
34216
31035
62917
67425
22461
73192
51341
71948
15788
4479
34064
270
74408
44809
17243
56057
76864
66536
58113
30374
74738
78504
61518
79548
74260
9694
20699
4825
20786
36801
5726
53676
47043
24354
29624
58268
31561
57987
63967
47639
83405
41152
44646
20992
3727
73319
43022
79410
25801
78163
39572
3722
26424
5483
8345
33546
6626
34287
31658
73252
80493
48744
1469
2403
17883
84037
9918
11124
50779
71642
55744
52449
30947
71148
40081
38874
9156
71935
56579
78867
55665
84359
78667
87876
54794
85231
48720
70082
18597
33304
41607
53781
39316
72510
13459
29525
45102
29961
16622
86999
17593
45201
45557
40803
25285
44
25771
81571
10512
55168
10861
58070
7013
89303
76572
79951
67075
16380
80975
22247
2970
4909
40656
31318
23965
30068
66316
55018
87690
49764
43450
82321
34493
72438
4713
15361
56607
59453
64757
33354
76602
9874
70861
33358
85294
88614
72426
58255
59032
5125
24542
27567
26684
45714
35281
44764
40630
69074
74336
24837
47509
11105
29613
72639
86979
55412
21472
21364
16699
23974
71518
56147
16263
11329
18908
29899
18833
41464
38687
30869
3264
51963
1089
53833
14791
53021
52846
69894
79323
33731
60990
39294
26515
39395
50320
40783
4687
47616
71758
76436
85945
5267
50182
42866
60207
48835
29873
18854
9481
17142
86221
75473
1381
83689
5163
20780
69789
45772
50034
47420
63037
29180
31901
11578
6571
20584
63646
35107
57837
54180
35903
23753
78672
42180
425
7587
84429
40875
14797
3459
78999
41664
66608
17655
22634
84837
85653
69146
22316
43110
2259
86803
23686
74638
31
44221
45586
27895
43067
50387
38607
83214
76911
84006
5840
86801
41713
70263
34195
7566
77583
37913
8882
27522
34496
30826
34325
70577
52329
4919
89305
72250
35144
42429
3653
41955
32995
72606
71999
30080
16539
5552
86665
49400
54806
58469
32334
21712
59795
69351
55730
83540
30705
74695
60091
21540
28474
10077
45223
23581
67110
17089
30148
18572
21542
61105
60800
62013
69148
72533
45956
60385
70355
53050
77853
23273
5095
8268
30431
11792
18507
88243
22566
25136
76831
81180
42186
56908
20355
87731
82743
62476
52713
50445
78961
21309
51070
73816
53427
20547
6445
1486
69702
4385
64741
9958
1477
13871
54704
79335
78414
60572
36819
59607
75775
24374
42797
25887
67866
73620
18713
57075
47439
58153
88206
65598
68166
68443
88585
66242
1234
13605
20520
78306
77862
45879
19172
58110
12175
21327
28492
59613
12981
56179
27865
12272
68851
57589
66600
87391
81717
51639
89380
30059
79351
54777
44433
53102
64652
27360
52394
35445
28300
68509
22400
50679
27171
42313
65164
49373
29243
21803
11708
19153
48721
73872
22775
68765
21926
53172
62914
52823
1733
64449
27984
68421
2438
47319
31437
6646
70786
5276
2954
28870
41907
41537
13958
11263
40466
4935
32220
40170
62559
26929
43051
84584
38915
18040
39041
23043
71939
26092
14059
4950
77082
32640
29086
47971
89454
53739
74596
75485
88332
9181
3041
82274
46753
57913
6163
7424
38672
21110
57777
45826
64097
45091
46389
33140
45521
77884
21265
87273
88049
73244
53143
49891
76167
21705
64946
85667
63314
16242
1061
50162
71431
84626
71003
14026
28526
46628
40440
85633
57054
71920
21870
56760
64620
15248
70419
52294
45054
75815
83400
83556
50750
64645
83269
10241
24684
22582
36314
65107
85553
65316
44088
9146
13285
69592
77793
56275
9838
33904
86308
25881
5570
78861
20935
72858
79826
5845
29292
21634
33145
22205
51544
35921
74338
20292
84024
20365
26025
10638
30357
70823
67843
18604
14839
13094
27303
9303
57478
82215
60485
11202
59879
34382
65479
37051
46206
24716
19903
56457
55337
16070
2282
68528
62283
73480
15163
48919
57967
60853
74327
17227
70949
52017
75393
39722
87744
14868
25312
78587
28927
50397
34407
40396
18821
59829
14538
44699
44839
3340
60290
84957
44927
75045
89182
67366
37889
15809
34807
74697
87269
35166
50155
84936
16190
29900
44162
77582
1255
86401
79743
72683
11644
66479
43668
9457
50739
39689
72137
46876
4323
89385
57916
3409
67620
21269
57229
16360
88597
69155
68071
45856
28713
2404
53136
9678
59139
67044
22611
66193
16177
85706
77364
21283
31425
77596
50024
89521
3644
15728
79093
39967
27918
44442
23936
88433
16272
41080
20017
78976
59422
83440
41236
11985
51209
5088
70848
16168
53388
14081
46299
30058
20308
20887
68157
69129
82994
69639
67846
9308
67304
71469
88972
4808
47077
78691
85081
24595
49208
42270
10091
58728
85635
9811
31975
32806
74474
43367
83842
4273
72275
78377
79729
4233
24040
16774
51908
76932
66591
21313
50110
31328
12862
50355
64430
15912
56905
2043
81655
65947
81981
73522
76147
34244
74106
48735
76236
29531
87354
85634
40005
21640
54239
81238
53073
48569
4279
15178
61788
10713
21826
33567
88893
82203
75257
26891
38355
32208
3176
55969
14543
46483
40136
70942
17853
38175
42811
45861
27561
440
22317
24147
78585
75736
1853
63442
87841
31577
82100
9388
32041
42574
85264
84238
18899
7184
11983
74355
85981
79464
18386
86402
72663
55722
50286
80744
4807
52735
77433
43971
89144
9310
86152
18534
76391
14463
72049
31966
38502
72608
22292
68220
5955
20231
21465
42872
3898
62172
80109
47845
22583
5356
37330
21625
62359
79768
72155
8359
50061
66838
38970
81068
85489
51514
34893
25444
778
60808
69581
36408
75702
47744
66691
50012
31431
19292
28437
28114
3822
31863
82715
5666
23769
64455
30214
34303
32206
7326
11418
16984
2619
83931
70842
48259
57846
54553
39350
29813
51297
45966
58759
52836
58105
25507
53714
44701
40187
32006
6484
54072
29715
78817
21842
73399
13077
81149
51947
15140
23148
43990
33896
5665
1897
656
25529
78273
85921
12167
38302
65048
41225
16518
48182
49664
45282
60890
23598
61333
49407
32823
32653
38998
54421
28840
17717
19129
15571
49637
41448
58437
24942
88763
85070
27279
79103
7520
21281
83330
6519
45774
83628
53355
83662
27835
45346
20240
76207
33233
46030
11300
66342
6508
87128
68108
42154
45320
40442
77291
29678
67637
76800
24687
74456
23011
56695
15786
38217
73496
60474
68658
69060
28588
21587
71899
84989
64828
52614
74304
88694
68937
84379
74779
69427
13626
4470
79834
66877
31913
9631
77186
44243
49973
35824
33800
68675
39803
3768
2696
19736
41490
15444
72382
75872
53044
42158
48498
52532
46148
33078
85617
40111
76760
17763
66724
63032
82402
1835
81579
32412
47279
37904
20450
65734
61800
72127
60319
17573
58839
10307
13638
61756
75022
43759
55060
44211
38813
66874
77654
64839
220
50817
26264
81866
63162
10476
80558
44681
79757
46242
85513
74127
49765
82206
46446
26187
71628
47554
88231
21904
77792
59300
82113
83941
9505
86257
40202
84951
84174
69780
28413
41795
1580
64736
81329
7134
82181
70057
25427
16057
69765
17681
73829
71723
82472
1551
59728
2570
53483
16813
41111
49823
79533
78403
17233
37440
36995
84446
2617
27328
29932
69536
75567
10792
7954
81837
46371
13391
77042
35827
30737
3335
2893
72959
33589
15121
70328
29001
45343
76332
15156
405
52702
31721
62861
148
59187
63053
4047
65006
40237
5699
57753
64182
4322
42065
69281
34169
89517
68047
76730
1260
58081
62524
24445
22255
45031
40075
58375
21769
78204
72374
2825
52127
41347
79828
65131
5480
52920
30344
66966
73295
25454
50101
35951
1043
62120
66675
45467
54449
30056
51149
34692
44852
29339
6551
43038
69682
48482
159
25513
79168
55864
32157
65941
5446
67468
58267
43899
86884
18696
71247
61245
64612
32905
36700
59735
73308
63149
42495
10062
50849
87981
22661
1385
689
52931
5312
15735
64290
88109
53954
5762
42087
35252
23919
4709
88090
11744
58513
16283
87470
33683
69701
39942
41386
31843
20633
3553
16745
81596
36178
86096
14667
38006
66723
18189
66399
4342
85343
66879
38207
43327
28753
25637
55368
14329
69363
6094
44305
85170
77436
39375
48944
8758
66099
7845
19818
66715
41401
42716
27313
41050
29705
69208
31682
5033
17345
67023
10921
7700
46687
27058
6733
58022
34311
43775
70579
3649
85256
78561
30039
44274
888
15916
17882
88249
40513
10131
58242
6082
73092
52205
14149
77666
43987
1060
59525
43283
22959
11113
47390
9654
57371
28034
12438
16219
17370
5847
8914
54151
42855
43873
69089
23708
31024
38456
63763
36938
45582
73118
32893
824
59775
33895
68597
81402
73158
82216
42373
80588
63637
3243
11716
6915
72376
68621
88053
8988
25380
17319
71212
7876
84683
38174
42629
74097
60933
23072
85328
13975
29660
10625
19867
56769
76396
61398
34950
37789
83059
42274
83817
18720
38495
7337
38061
47171
12546
71770
46402
65696
17264
55598
16313
30471
84335
2502
50602
68790
1908
65152
67282
15949
36637
21123
28374
51724
73865
20975
18730
58345
53694
43251
16344
73734
51532
45914
56493
43898
2400
60958
46507
12340
23790
76085
5789
8266
39095
34949
71958
67618
4482
89249
18089
4309
83501
20280
24100
82848
65933
77809
20938
8329
10859
14356
76021
7585
37709
47826
55908
67545
87236
69946
41335
89342
66396
80599
77943
68583
85936
74497
20000
33992
32840
60069
34047
84573
45602
55737
77134
78907
24257
65589
31060
74556
54287
71779
831
71387
12677
79164
62441
43353
6223
17615
5335
42955
66103
22308
2732
36789
44118
79991
42257
28980
57445
32817
28251
28779
17446
69212
63830
11038
59689
242
65869
83423
33959
40591
76692
17377
41690
64960
8310
68044
32955
49714
69453
67624
43580
82324
57535
14928
13258
21112
26698
82342
12847
49602
34652
75253
42122
42867
74798
66662
41500
63030
20205
44990
16151
8517
59823
50529
25451
12389
46105
47443
13200
55755
9615
50583
26596
67063
77788
49649
23557
26241
12409
74172
63745
79877
24590
88110
68940
65620
82699
37213
31000
16202
70490
2052
82393
33259
2222
28085
79601
5003
73066
22822
18547
64601
61940
24753
87716
12884
42093
53554
60540
12221
18457
61692
24510
40264
72689
48166
66184
24624
35271
22943
1189
64398
3062
55188
66272
3393
12518
32756
59101
38779
23532
7759
38686
10917
74931
21317
2849
40721
31710
55408
35408
36347
14594
34744
36526
62383
65201
2562
7652
11073
73176
70250
75432
35631
10250
68617
67292
49505
80703
31391
73926
32947
57923
22972
19653
5715
47396
43723
7233
11151
70645
54144
75854
33277
85710
89494
1981
62591
45790
17381
74248
50722
10313
3479
29444
59042
64814
40050
72432
39886
16731
1743
82401
64195
11347
63148
29509
45005
30846
8885
12707
15469
33853
21520
63870
22640
42319
34527
35005
49000
39363
69357
21425
20411
82748
74292
3023
13707
19109
41499
47885
45994
32808
49925
25937
14077
59532
64169
3112
83298
57284
47010
20556
63084
72845
78158
49690
21945
65375
43360
71598
72213
78247
17391
19513
48290
82666
51301
89492
68419
70959
26672
74766
45011
16736
84371
70140
32799
15065
75102
48265
43934
75120
65657
59437
31321
60084
36232
72296
59440
82629
16381
39351
16946
73917
35097
67951
41316
37202
65486
8319
5734
88003
53370
53141
30851
66722
66409
77391
84674
18615
38091
56452
1402
36892
43762
85858
13082
8529
27951
22037
57390
87063
24714
2561
1748
71997
12056
7190
20174
8227
73717
17738
19882
88073
45984
43134
54638
42516
8839
8805
66935
8041
54077
24372
87655
47955
31235
87637
55301
71859
310
50820
49751
37578
34413
25237
28169
36503
50761
51415
73257
26592
45074
69497
58625
52711
70098
20964
1796
74704
19006
74609
18196
29654
13982
70520
58574
22147
53989
68837
29109
8238
16853
61026
70973
57571
17366
18748
55228
76940
76898
32613
10766
85469
67393
66246
24732
42060
36743
23930
84215
16032
33068
34554
29492
53820
36936
9600
38274
46527
54058
28592
86918
4880
87014
82938
37882
46989
74708
27702
40555
13100
49730
36171
47753
63507
1683
2694
56898
18247
37088
10249
42339
89204
77621
77012
75631
21357
4711
34924
52476
55370
83301
16053
21243
24535
83054
59142
81589
54745
35340
18104
8626
32884
16359
232
46705
12176
13831
31704
37044
38964
69731
85115
44419
6641
4417
34154
42745
43124
62024
53718
81702
51670
39262
23694
49873
43094
42465
75829
52454
48538
50606
66174
73923
4626
9688
76129
26433
38358
27285
13755
29268
87579
6839
35803
41299
12218
7217
82192
82557
30910
73482
67324
26213
85901
11465
22055
66564
34676
26569
19316
86193
84152
20917
86355
72727
88258
71834
1484
72269
16067
52095
80243
58832
37104
29586
79256
29689
78578
45286
48003
28849
53563
85326
10318
4376
53696
37688
44008
80270
26079
26384
87529
76691
73813
82484
39364
52056
87682
47460
18555
4229
28193
26913
48488
33460
809
35229
32716
63796
50152
3320
44575
52948
8033
22160
65674
86715
88875
47891
68886
19201
75988
63759
55456
3665
28027
44566
33117
76601
50620
73465
28262
68593
78881
71332
59622
1559
56449
76097
75180
61819
25385
35557
10900
65543
89522
23400
47779
71424
14562
45338
73715
46892
54159
71933
72089
52381
67569
8025
82604
22617
14803
83964
2278
82918
32795
699
52310
31842
65793
84953
44770
25897
35171
85679
73216
55137
73910
26789
24471
84413
8752
16802
37185
13765
31304
27430
37888
64130
80439
45707
4109
58704
21033
87835
27502
15208
85388
75203
12153
3152
11409
13634
70204
51062
22594
29499
19741
55233
49135
39915
74218
48680
36409
53674
25114
58044
86038
70499
57042
11718
5543
37790
50063
60751
71674
55263
49799
57856
39420
63680
24953
54195
34197
13637
65561
36067
39529
11399
68404
50997
80314
60315
28984
40533
52704
24150
64945
50045
3815
51625
53233
50499
34735
32822
10036
3868
75496
42847
28702
76701
37923
72806
33742
74023
63376
4227
4466
80525
42213
79114
79133
46318
46376
28604
22875
48239
25435
81276
26722
64472
42206
69377
42900
6855
82124
85401
26286
69421
28385
14116
40150
63550
59462
18395
247
8595
87559
10064
40522
33587
68383
80657
13615
88159
69115
49860
48451
74244
81913
13776
59219
71954
11466
57091
19412
6548
61005
9454
38016
71819
645
18503
3726
11143
10892
88484
30650
35173
38655
44074
46255
43414
56481
14796
39907
12443
6679
17290
55006
29849
34643
81653
66750
63351
86254
12399
70619
71151
58786
81331
49497
10494
86821
3437
44363
47760
64501
31679
52388
7568
3036
3985
78265
62794
18188
59177
1968
5132
50580
33012
57905
49430
36701
17245
74232
49014
5156
67767
24452
66968
38344
80438
82617
76522
55572
89274
30442
31471
10856
5321
89120
38716
2106
10857
60404
22683
60446
45880
57119
67608
40892
52592
58961
62295
69362
57039
40618
48288
3599
37093
2198
47952
37156
51332
88616
82012
813
48144
26263
29652
4051
50505
83848
59734
52585
27742
43165
4664
78094
45787
46112
38778
60313
72648
85636
61509
84652
11776
53404
82953
44222
4132
50303
80687
39863
13158
79488
86736
55672
29415
56724
50339
38768
42374
88812
17483
25577
34523
80434
24334
82006
60014
26537
32417
57811
25643
3791
14719
38967
44556
48082
14507
45976
5613
87742
46992
6085
5649
86365
39676
68230
2207
4126
28523
186
64413
36943
65775
980
53009
86595
45369
30992
19143
72083
39490
21060
72893
53843
41400
1466
45940
84812
22505
87564
64917
89455
82391
74102
84478
18416
87453
25534
87380
77103
61625
19705
69338
87990
67961
44800
74984
45538
83516
36630
21721
57084
82283
22704
4783
76075
58593
25850
72642
74177
9616
41032
87369
56903
69322
82517
37516
35637
84076
64163
66493
11208
53567
86885
65003
56810
39160
19282
52463
66934
77863
86298
57413
43085
16482
70747
68992
79917
67774
54600
14488
23412
46356
70802
39479
41622
81961
64463
15994
29796
40991
42370
80675
21840
78830
4806
39723
72669
78134
78908
67590
59386
37950
6451
5060
44154
43893
40041
59970
42117
46757
81798
33886
7105
75068
22186
15950
24176
65604
32438
49539
14391
21182
51601
87533
72174
82422
6207
66266
46471
57355
62265
46229
35529
59605
13419
3862
26266
73830
74029
83252
84764
63067
15753
17063
22612
6245
28922
50146
60532
16927
62368
19407
78084
25191
52986
76873
61898
46595
80053
69764
27143
45209
54274
82080
65270
20569
41385
16703
42695
84326
16466
20723
42827
40529
53811
40421
9375
9578
79614
59922
28293
54818
63300
24851
77888
37922
34175
61213
2592
72193
33316
9296
54383
85557
67072
25749
54437
4201
64067
56119
66068
6471
76876
41449
33936
76164
27480
26760
27975
1436
60738
80951
67896
88768
47003
6967
9374
50885
63738
69555
82674
30354
38357
2503
57624
20370
66017
85605
9044
16821
62460
41452
15641
18735
83871
1959
53924
28483
38239
88278
78491
30438
10445
11631
8899
84186
85425
47797
59080
37557
82546
16218
4955
16754
62661
26138
13767
63168
58299
22677
391
76380
2693
55217
64775
24228
58715
31735
88087
24383
14129
21513
84917
28188
36150
77228
9539
84668
79847
77714
57409
85327
23619
28213
16623
37383
44059
82254
77463
7626
46521
38273
22126
68191
74392
55267
87889
9665
79100
15875
10324
48318
41576
25304
9402
20418
12965
53121
79674
42017
10312
25296
77349
42391
70980
16414
60355
85440
28197
9161
89007
16358
68825
88365
32322
32356
56730
77431
68865
2050
79108
1233
36317
83720
44967
57267
43281
31403
58788
57450
29640
36832
23461
61081
67937
40885
52908
61103
18700
14661
32236
46411
41494
57981
66926
33864
84189
7295
29757
6546
11394
50507
85272
62933
18287
13471
1503
3827
6475
30907
18845
67995
62777
72223
9121
12738
5415
49270
31110
83851
15395
14095
67057
53098
27123
33685
6473
53444
14121
36651
82440
8083
25589
32552
31785
44585
38139
35428
12916
7277
47277
1589
46480
6921
87419
19262
38055
31064
69419
28443
56606
60237
30302
77081
31742
65713
80266
41705
69620
11874
62636
87357
85376
10109
59543
14263
16356
3193
80427
81561
304
19206
80944
77037
88541
26487
16535
53264
2039
8751
88714
71963
18566
37425
6665
81862
3230
83314
12282
18478
55405
21151
30521
48161
81131
83435
68645
28891
13413
54490
62851
18775
24853
3982
46047
65857
9752
83429
32213
19840
68690
31276
34684
53796
52596
74837
11848
67518
17723
57506
76090
45892
85209
58041
64434
84997
44538
64479
73735
1710
71281
24272
36845
7360
43246
15340
59285
71941
33271
6113
18667
8732
14625
77743
18739
81766
55366
79886
68457
59562
55875
2361
65294
14865
74467
14286
60408
68880
60935
83865
40580
31783
66010
70390
57059
16187
32678
44656
74650
59961
15428
3425
80282
37413
34542
60593
77183
16592
11401
38436
8800
77752
15434
72332
82132
17793
42718
7703
57609
39623
60760
43769
25410
41893
77849
33877
66279
7242
2031
67850
77896
29457
24438
32076
63340
24109
27113
67019
58794
13869
30493
39720
81481
4832
125
55101
28002
87152
86862
37886
62534
63464
18097
70564
16214
19323
76948
31976
17074
27545
51134
28968
11032
84142
53390
72852
75807
87747
67167
46029
30259
12265
9797
25580
47847
18640
63598
13942
18191
53742
66595
22604
47925
55858
24122
67197
55012
59220
87301
50833
16307
52164
18007
14416
80383
78036
68039
2735
88002
24327
65774
78372
19363
52143
78706
33010
4622
50597
1930
51835
4661
46003
971
18261
28709
1017
1941
26012
45267
71307
72712
68631
27801
48235
71909
73582
8063
15043
26225
70730
65500
62544
82490
68200
9964
31922
35971
76560
87055
372
62508
88973
17292
6258
9921
19309
52075
13838
61532
44109
4147
57772
1420
23046
82068
14096
8881
16928
55480
68580
85286
84252
84029
74067
43629
12470
77492
19709
78303
85979
67897
16335
66593
71814
52895
78892
63614
47444
5776
48675
72833
3387
4822
41196
3766
57426
74537
14668
1997
18342
51326
67199
88104
8117
2616
38871
62824
67290
13384
88594
8098
39979
935
7069
67386
7629
35995
80096
23625
12369
53960
80092
88472
6973
84465
23608
56778
35556
5640
27444
53254
54641
76077
72613
73351
73031
23878
13630
84322
72482
50721
65349
7056
71988
22537
2401
74157
801
22980
54225
37992
15538
53918
7996
70198
28601
9490
46944
82985
86451
43753
41262
1954
84299
2711
68049
61477
53084
79716
42639
2545
58116
29810
1786
54816
24645
27935
24468
79794
47081
14445
69602
50909
60676
22859
88316
73123
50324
19603
15727
88185
18760
83635
86737
47610
44130
32313
17832
70863
18471
77542
444
23307
83772
12103
19432
49515
36875
13529
33562
1039
21219
77160
79924
6009
46928
36740
60667
85085
53930
24563
47368
39112
8210
8673
55102
39230
50309
20472
79955
50594
49732
21261
77571
29353
66515
40008
50540
10455
340
51993
515
32054
82311
53495
67401
6520
21149
5536
80384
44483
35659
64522
45080
86225
44658
63494
994
6329
636
59715
66030
80038
32300
51520
75286
34217
29957
74810
22097
11899
38200
50172
62515
78784
74113
73394
19815
72850
22999
8264
25173
39787
52428
44143
36786
87272
84528
12076
74357
3963
1384
80233
44719
47927
88556
60185
31079
67789
41190
80200
11035
11818
12375
38224
46106
61340
24603
12686
20543
28394
27698
14195
55849
60762
8876
2773
14878
21777
46874
35621
70500
7654
38821
52287
54375
53937
56495
47539
6528
46838
3747
48518
23719
61536
88171
19502
88270
24647
58834
21984
2393
69040
14688
66364
19965
43393
34520
57157
63886
74971
14912
79950
177
60750
84693
70001
43595
24541
37844
83074
84726
17858
72218
85720
29827
10370
49410
10711
51898
5372
11814
57430
10328
63099
63885
49787
39220
41154
35672
22210
85483
57573
59632
58830
70512
11796
69242
65416
71069
12387
2456
70088
29414
5015
64035
1778
23796
15996
34062
67871
13633
43819
7390
82975
25795
38549
3185
35023
58412
38934
12351
46027
31018
42471
84114
55002
20620
32246
4853
50973
17810
30533
46817
69912
697
41708
42990
85562
46820
40659
9478
847
18750
34480
2900
44582
30682
68774
72411
3050
30747
32485
22923
19490
70514
32549
26764
44322
30563
33052
70744
56236
11968
29069
66837
1304
45090
66024
34385
75103
4303
59974
15135
85879
61356
44262
16497
55340
69973
80015
83886
34186
250
20032
10159
17733
30625
25681
30483
13383
40086
30352
37226
12023
65034
70818
41662
14799
80006
47344
83211
54522
44887
69947
29658
70247
80568
24876
85701
87264
53157
71484
3575
68520
66465
26430
64552
87218
7124
2977
52383
37420
83779
51808
67034
71114
19050
10207
75707
68726
70170
7692
11452
42862
64848
59919
15299
41128
89102
53689
53624
27930
74568
81361
68134
23334
2799
5294
84938
8895
85558
14142
61185
20201
21464
42981
19085
38233
10965
36557
42023
49071
16488
4020
44920
84
87439
34916
61950
34853
58897
7646
62589
41783
16977
16163
86027
17850
59781
77539
12561
79411
79342
70006
15812
85773
430
23122
79771
84843
1332
58294
85433
85705
63624
22345
25673
52337
86368
53905
27071
9213
45385
9603
18437
50737
28694
5360
40477
38625
6036
37017
72939
48186
